Rozmiar Dysku: 5904
Ilosc wolnych blockow: 51
Byte, na ktorym zaczyna sie DTF: 16
Byte, na ktorym zaczyna sie FAT: 1552
Byte, na ktorym zaczyna sie DATA: 1808
Directory Table Format
Nazwa:    Rozmiar:    Pierwszy Blok:
long.txt  400  0  
ex2.txt  160  3  
  -1  0  
ex4.txt  160  9  
  -1  0  
  -1  0  
  -1  0  
  -1  0  
  -1  0  
  -1  0  
  -1  0  
  -1  0  
  -1  0  
  -1  0  
  -1  0  
  -1  0  
  -1  0  
  -1  0  
  -1  0  
  -1  0  
  -1  0  
  -1  0  
  -1  0  
  -1  0  
  -1  0  
  -1  0  
  -1  0  
  -1  0  
  -1  0  
  -1  0  
  -1  0  
  -1  0  
  -1  0  
  -1  0  
  -1  0  
  -1  0  
  -1  0  
  -1  0  
  -1  0  
  -1  0  
  -1  0  
  -1  0  
  -1  0  
  -1  0  
  -1  0  
  -1  0  
  -1  0  
  -1  0  
  -1  0  
  -1  0  
  -1  0  
  -1  0  
  -1  0  
  -1  0  
  -1  0  
  -1  0  
  -1  0  
  -1  0  
  -1  0  
  -1  0  
  -1  0  
  -1  0  
  -1  0  
  -1  0  
File Allocation Table
Numer:    Status:    Nastepny:
0  0  1  
1  0  2  
2  0  6  
3  0  4  
4  0  5  
5  0  -1  
6  0  7  
7  0  8  
8  0  12  
9  0  10  
10  0  11  
11  0  -1  
12  0  -1  
13  1  -1  
14  1  -1  
15  1  -1  
16  1  -1  
17  1  -1  
18  1  -1  
19  1  -1  
20  1  -1  
21  1  -1  
22  1  -1  
23  1  -1  
24  1  -1  
25  1  -1  
26  1  -1  
27  1  -1  
28  1  -1  
29  1  -1  
30  1  -1  
31  1  -1  
32  1  -1  
33  1  -1  
34  1  -1  
35  1  -1  
36  1  -1  
37  1  -1  
38  1  -1  
39  1  -1  
40  1  -1  
41  1  -1  
42  1  -1  
43  1  -1  
44  1  -1  
45  1  -1  
46  1  -1  
47  1  -1  
48  1  -1  
49  1  -1  
50  1  -1  
51  1  -1  
52  1  -1  
53  1  -1  
54  1  -1  
55  1  -1  
56  1  -1  
57  1  -1  
58  1  -1  
59  1  -1  
60  1  -1  
61  1  -1  
62  1  -1  
63  1  -1  
